((("grep" .
   [2 0 0 0])
  ("youdao-dict" .
   [0 0 0 1 0 0 0 0 0 0 0])
  ("file-name-directory" .
   [0 0 0 0 0 0 0 0 0 0 0 0 0 1 0 0 0 0 0])
  ("progn" .
   [1 0 0 0 0])
  ("eval-after-load" .
   [0 0 0 0 0 0 0 1 0 0 0 0 0 0 0])
  ("eval-when" .
   [0 0 0 0 0 1 0 0 0])
  ("status" .
   [1 0 0 0 0 0])
  ("error" .
   [6 0 0 0 0])
  ("string-match" .
   [1 0 0 0 0 0 0 0 0 0 0 0])
  ("all_s" .
   [1 0 0 0 0])
  ("round" .
   [2 0 0 0 0])
  ("prec" .
   [1 0 0 0])
  ("getcontext" .
   [1 0 0 0 0 0 0 0 0 0])
  ("THETA" .
   [1 0 0 0 0])
  ("train_file" .
   [1 0 0 0 0 0 0 0 0 0])
  ("all_tx" .
   [1 0 0 0 0 0])
  ("split" .
   [1 0 0 0 0])
  ("test_file" .
   [1 0 0 0 0 0 0 0 0])
  ("all_x" .
   [2 0 0 0 0])
  ("float" .
   [3 0 0 0 0])
  ("all_y" .
   [1 0 0 0 0])
  ("readline" .
   [2 0 0 0 0 0 0 0])
  ("train" .
   [1 0 0 0 0])
  ("stand-alone" .
   [0 0 0 0 0 1 0 0 0 0 0])
  ("collections" .
   [1 0 0 0 0 0 0 0 0 0 0])
  ("collection" .
   [0 0 0 0 1 0 0 0 0 0])
  ("pattern" .
   [0 0 1 1 0 0 0])
  ("to" .
   [1 0])
  ("it" .
   [1 0])
  ("In" .
   [1 0])
  ("so" .
   [1 0])
  ("communities" .
   [1 0 0 0 0 0 0 0 0 0 0])
  ("community" .
   [1 0 0 0 0 0 0 0 0])
  ("culture" .
   [0 0 0 1 0 0 0])
  ("just" .
   [1 0 0 0])
  ("is" .
   [1 0])
  ("This" .
   [1 0 0 0])
  ("/dev/cdrom" .
   [1 0 0 0 0 0 0 0 0 0])
  ("/dev/psaux" .
   [1 0 0 0 0 0 0 0 0 0])
  ("0-15" .
   [2 0 0 0])
  ("a-d" .
   [1 0 0])
  ("_init" .
   [1 0 0 0 0])
  ("main_module_name" .
   [0 0 0 0 0 1 0 0 0 0 0 0 0 0 0 0])
  ("show" .
   [1 0 0 0])
  ("User" .
   [1 0 0 0])
  ("self" .
   [4 0 0 0])
  ("pass" .
   [2 0 0 0])
  ("class" .
   [3 0 0 0 0])
  ("value" .
   [1 0 0 0 0])
  ("key" .
   [1 0 0])
  ("join" .
   [1 0 0 0])
  ("next" .
   [1 0 0 0])
  ("stuff" .
   [6 0 0 0 0])
  ("things" .
   [1 0 0 0 0 0])
  ("range" .
   [1 0 0 0 0])
  ("module" .
   [2 0 0 0 0 0])
  ("py" .
   [1 0])
  ("add" .
   [1 0 0])
  ("print_two_again" .
   [0 0 0 0 0 0 0 0 0 0 1 0 0 0 0])
  ("print_one" .
   [0 0 0 0 0 0 0 1 0])
  ("print_none" .
   [0 0 0 0 0 0 0 1 0 0])
  ("args" .
   [1 0 0 0])
  ("print_two" .
   [3 0 0 0 0 0 0 0 0])
  ("str" .
   [4 0 0])
  ("def" .
   [9 0 0])
  ("second" .
   [1 0 0 0 0 0])
  ("import" .
   [2 0 0 0 0 0])
  ("from" .
   [2 0 0 0])
  ("这篇文章" .
   [2 0 0 0])
  ("sdlfj" .
   [1 0 0 0 0])
  ("sldfj" .
   [2 0 0 0 0])
  ("python" .
   [20 0 0 0 1 0])
  ("Standard" .
   [0 0 0 0 1 0 0 0])
  ("需求" .
   [1 0])
  ("because" .
   [1 0 0 0 0 0 0])
  ("best" .
   [1 0 0 0])
  ("it's" .
   [3 0 0 0])
  ("but" .
   [1 0 0])
  ("Diferent" .
   [0 0 0 1 0 0 0 0])
  ("handle" .
   [1 0 0 0 0 0])
  ("this" .
   [1 0 0 0])
  ("also" .
   [1 0 0 0])
  ("that" .
   [1 0 0 0])
  ("thread" .
   [1 0 0 0 0 0])
  ("own" .
   [1 0 0])
  ("its" .
   [1 0 0])
  ("has" .
   [2 0 0])
  ("application" .
   [0 0 0 0 0 1 0 0 0 0 0])
  ("concurency" .
   [1 0 0 0 0 0 0 0 0 0])
  ("many" .
   [2 0 0 0])
  ("pages" .
   [1 0 0 0 0])
  ("web" .
   [1 0 0])
  ("music" .
   [1 0 0 0 0])
  ("users" .
   [2 0 0 0 0])
  ("concurent" .
   [0 0 0 2 2 2 0 0 0])
  ("frameworks" .
   [0 0 0 2 1 0 0 0 0 0])
  ("Android" .
   [2 0 2 0 0 0 0])
  ("very" .
   [2 0 0 0])
  ("line-end-position" .
   [0 0 0 0 0 0 0 0 1 0 0 0 0 0 0 0 0])
  ("kill-ring-save" .
   [0 0 0 0 0 1 0 0 0 0 0 0 0 0])
  ("也可以写成：" .
   [1 0 0 0 0 0])
  ("read-string" .
   [1 0 0 0 0 0 0 0 0 0 0])
  ("region-end" .
   [2 0 0 0 0 0 0 0 0 0])
  ("region-beginning" .
   [1 0 0 0 0 0 0 0 0 1 0 0 0 0 0 0])
  ("buffer-substring" .
   [2 0 0 0 0 0 0 0 0 0 0 0 0 0 0 0])
  ("url-hexify-string" .
   [1 0 0 0 0 0 1 0 1 0 0 0 0 0 0 0 0])
  ("browse-url-emacs" .
   [1 0 0 0 0 0 0 0 0 0 0 0 0 0 0 0])
  ("mod" .
   [7 0 0])
  ("253" .
   [1 0 0])
  ("leftrightarrow" .
   [0 0 0 0 0 0 1 0 0 0 0 0 0 0])
  ("equiv" .
   [14 0 1 0 0])
  ("profit" .
   [1 0 0 0 0 0])
  ("where" .
   [1 0 0 0 0])
  ("cost" .
   [1 0 0 0])
  ("income" .
   [2 0 0 0 0 0])
  ("icomplete-mode" .
   [0 0 0 0 1 0 0 0 0 0 0 0 0 0])
  ("show-paren-mode" .
   [0 0 0 0 0 0 0 1 0 0 0 0 0 0 0])
  ("electric-pair-mode" .
   [0 0 0 1 0 0 0 0 0 0 0 0 0 0 0 0 0 0])
  ("global-reveal-mode" .
   [0 0 0 0 0 0 0 0 0 1 0 0 0 0 0 0 0 0])
  ("blink-cursor-mode" .
   [0 0 0 0 0 0 0 0 0 1 0 0 0 0 0 0 0])
  ("yes" .
   [1 0 0])
  ("regression" .
   [0 0 0 1 0 0 0 0 0 0])
  ("content" .
   [1 0 0 0 0 0 0])
  ("div" .
   [1 0 0])
  ("bview" .
   [2 0 0 0 0])
  ("both" .
   [0 1 1 0])
  ("count" .
   [1 0 0 0 0])
  ("*buf" .
   [1 0 0 0])
  ("ssize_t" .
   [1 0 0 0 0 0 0])
  ("运行结果为：" .
   [0 0 1 0 0 0])
  ("0022" .
   [2 0 0 0])
  ("rwx" .
   [2 0 0])
  ("exist" .
   [1 0 0 0 0])
  ("as" .
   [1 0])
  ("mode" .
   [1 0 0 0])
  ("only" .
   [1 0 0 0])
  ("write" .
   [4 0 0 0 0])
  ("**endptr" .
   [1 0 0 0 0 0 0 0])
  ("base" .
   [2 0 0 0])
  ("字符串转10进制整数" .
   [0 0 0 0 0 0 0 1 0 0])
  ("*nptr" .
   [3 0 0 0 0])
  ("double" .
   [2 0 0 0 0 0])
  ("打印到指定的流中。" .
   [0 0 1 0 0 0 0 0 0])
  ("*format" .
   [2 0 0 0 0 0 0])
  ("*str" .
   [2 0 0 0])
  ("nmemb" .
   [1 0 0 0 0])
  ("size_t" .
   [8 0 0 0 0 0])
  ("size" .
   [4 0 0 0])
  ("*s" .
   [2 0])
  ("long" .
   [3 0 0 0])
  ("*stream" .
   [8 0 0 0 0 0 0])
  ("FILE" .
   [9 0 0 0])
  ("volatile" .
   [0 0 0 1 0 0 0 0])
  ("%eax" .
   [1 0 0 0])
  ("template" .
   [0 0 0 0 0 1 0 0])
  ("operands" .
   [0 0 0 0 1 0 0 0])
  ("assembly" .
   [0 0 0 0 1 0 0 0])
  ("1011" .
   [1 0 0 0])
  ("0100" .
   [1 0 0 0])
  ("1000" .
   [1 0 0 0])
  ("00" .
   [1 0])
  ("0001" .
   [3 0 0 0])
  ("0000" .
   [8 0 0 0])
  ("DOING" .
   [2 0 0 0 0])
  ("get_len" .
   [0 0 0 0 1 0 0])
  ("arr" .
   [2 0 0])
  ("point" .
   [2 0 0 0 0])
  ("user-full-name" .
   [0 0 0 0 0 0 0 0 0 1 0 0 0 0])
  ("精神鼓励指嘉勉、表扬、尊崇，反之则是失去尊敬、依赖。" .
   [0 0 1 0 0 0 0 0 0 0 0 0 0 0 0 0 0 0 0 0 0 0 0 0 0 0])
  ("move-beginning-of-line" .
   [0 0 0 0 0 0 1 0 0 0 0 0 0 0 0 0 0 0 0 0 0 0])
  ("move-end-of-line" .
   [1 0 0 0 0 0 0 0 0 0 0 0 0 0 0 0])
  ("yank" .
   [1 0 0 0])
  ("kill-line" .
   [0 0 0 0 0 0 1 0 0])
  ("subproblems" .
   [0 0 0 1 0 0 0 0 0 0 0])
  ("unrelated" .
   [0 0 1 0 0 0 0 0 0])
  ("extracting" .
   [0 0 1 0 0 0 0 0 0 0])
  ("modprobe" .
   [1 0 0 0 0 0 0 0])
  ("sudo" .
   [2 0 0 0])
  ("exit" .
   [2 0 0 0])
  (">>" .
   [1 0])
  ("and" .
   [10 0 0])
  ("min" .
   [2 0 0])
  ("username" .
   [1 0 0 0 0 0 0 0])
  ("done" .
   [1 0 1 0])
  ("file" .
   [4 0 1 0])
  ("read" .
   [11 0 0 0])
  ("TODO" .
   [4 0 0 0])
  ("code" .
   [1 0 0 0])
  ("readable" .
   [1 0 0 0 0 0 0 0])
  ("art" .
   [1 0 0])
  ("language" .
   [1 0 0 0 0 0 0 0])
  ("programming" .
   [0 0 0 0 1 0 0 0 0 0 0])
  ("information" .
   [1 0 0 0 0 0 0 0 0 0 0])
  ("extra" .
   [1 0 0 0 0])
  ("using" .
   [4 0 0 0 0])
  ("informations" .
   [1 0 0 0 0 0 0 0 0 0 0 0])
  ("abstract" .
   [1 0 0 0 0 0 0 0])
  ("of" .
   [3 0])
  ("concrete" .
   [1 0 0 0 0 0 0 0])
  ("user" .
   [2 0 0 0])
  ("teacher" .
   [0 0 0 1 0 0 0])
  ("tmp" .
   [2 0 0])
  ("retval" .
   [1 0 0 0 0 0])
  ("names" .
   [5 0 0 0 0])
  ("emacs-lisp" .
   [0 0 0 1 0 0 0 0 0 0])
  ("***" .
   [16 0 0])
  ("package-install" .
   [1 0 0 0 0 0 0 0 0 0 0 0 0 0 0])
  ("package-installed-p" .
   [1 0 0 0 0 0 0 0 0 0 0 0 0 0 0 0 0 0 0])
  ("package-refresh-contents" .
   [0 0 0 0 0 0 0 0 0 0 0 0 0 1 0 0 0 0 0 0 0 0 0 0])
  ("unless" .
   [2 0 0 0 0 0])
  ("package-initialize" .
   [0 0 0 0 0 0 0 0 0 0 0 0 1 0 0 0 0 0])
  ("org-babel-do-load-languages" .
   [0 0 0 0 0 0 0 0 0 0 0 0 2 0 0 0 0 0 0 0 0 0 0 0 0 0 0])
  ("fi" .
   [2 0])
  ("stop" .
   [4 0 0 0])
  ("then" .
   [4 0 0 0])
  ("echo" .
   [24 0 0 0])
  ("set-frame-height" .
   [0 0 0 0 0 0 0 0 0 0 0 0 1 0 0 0])
  ("window-system" .
   [1 0 0 0 0 0 0 0 0 0 0 0 0])
  ("toggle-transparent" .
   [0 0 0 0 0 0 0 0 0 1 0 0 0 0 0 0 0 0])
  ("f11" .
   [1 0 0])
  ("or" .
   [2 0])
  ("equal" .
   [3 0 0 0 0])
  ("selected-frame" .
   [3 0 0 0 0 0 0 0 4 0 1 0 0 0])
  ("set-frame-parameter" .
   [2 0 0 0 0 0 0 0 0 0 0 0 1 0 0 0 0 0 0])
  ("alpha" .
   [7 0 0 0 0])
  ("frame-parameter" .
   [1 0 0 0 0 0 0 0 2 1 0 0 0 0 0])
  ("/=" .
   [1 0])
  ("interactive" .
   [4 0 0 0 0 0 1 1 0 0 0])
  ("defun" .
   [4 0 0 0 0])
  ("cl" .
   [1 0])
  ("eval-when-compile" .
   [0 0 0 0 0 0 0 0 0 0 0 0 0 1 0 0 0])
  ("speedbar" .
   [0 0 0 0 0 1 0 0])
  ("age" .
   [3 0 0])
  ("name" .
   [5 0 0 0])
  ("print" .
   [27 0 0 1 0])
  ("get_sym" .
   [1 0 0 0 0 0 0])
  ("len2" .
   [1 0 0 0])
  ("sym" .
   [2 0 0])
  ("len1" .
   [3 0 0 0])
  ("fgetc" .
   [1 0 0 0 0])
  ("arr_index" .
   [0 0 0 1 0 0 0 0 0])
  ("else" .
   [2 0 0 0])
  ("fin" .
   [7 0 0])
  ("line_len" .
   [1 0 0 0 1 3 1 0])
  ("ch_cnt" .
   [1 0 0 1 1 1])
  ("getch" .
   [1 0 0 0 0])
  ("print_error" .
   [0 0 0 0 0 0 1 1 0 0 0])
  ("err" .
   [1 0 0])
  ("void" .
   [10 0 0 0])
  ("Table" .
   [1 0 0 0 0])
  ("Object" .
   [2 0 0 0 0 0])
  ("variable" .
   [2 0 0 0 0 0 0 0])
  ("constant" .
   [1 0 0 0 0 0 0 0])
  ("union" .
   [3 0 0 0 0])
  ("KEYWORD_NUM" .
   [0 0 1 1 1 0 0 0 0 0 0])
  ("MAX_ARR_LEN" .
   [0 0 0 0 0 0 0 1 1 0 0])
  ("Instru" .
   [0 0 1 0 0 0])
  ("line" .
   [7 0 1 0])
  ("num" .
   [5 0 0])
  ("SYM_LEN" .
   [0 0 1 3 0 0 0])
  ("Symbol" .
   [0 0 3 3 0 0])
  ("Fuct" .
   [1 0 0 0])
  ("struct" .
   [4 0 0 0 0 0])
  ("char" .
   [21 0 0 0])
  ("typedef" .
   [1 0 0 0 0 0 0])
  ("enum" .
   [13 0 0 0])
  ("define" .
   [6 0 0 0 0 0])
  ("const" .
   [11 0 0 0 0])
  ("uncomment-region" .
   [0 0 0 0 1 0 0 0 0 0 0 0 0 0 0 0])
  ("comment-region" .
   [0 0 0 0 0 0 0 0 0 0 1 0 0 0])
  ("kbd" .
   [13 0 0])
  ("load-path" .
   [2 0 0 0 0 0 0 4 0])
  ("browse-url-at-point" .
   [0 0 0 0 0 0 0 0 0 0 0 0 1 0 0 0 0 0 0])
  ("w3m-browse-url" .
   [0 0 0 1 0 0 0 0 0 0 0 0 0 0])
  ("browse-url-browser-function" .
   [0 0 0 0 0 0 0 0 0 0 0 0 1 0 0 0 0 0 0 0 0 0 0 0 0 0 0])
  ("browse-url" .
   [0 0 0 2 0 0 0 0 0 0])
  ("autoload" .
   [0 0 1 2 6 0 0 0])
  ("while" .
   [4 0 0 1 0])
  ("c-toggle-auto-state" .
   [0 0 0 0 1 0 0 0 0 0 0 0 0 0 0 0 0 0 0])
  ("lambda" .
   [3 0 1 1 0 0])
  ("c-mode-common-hook" .
   [0 0 0 0 0 0 0 0 0 1 0 0 0 0 0 0 0 0])
  ("add-hook" .
   [1 0 0 2 0 0 0 0])
  ("shell" .
   [1 0 0 0 0])
  ("cfg-dir" .
   [0 0 0 1 1 0 0])
  ("CFG_PATH" .
   [0 0 0 0 1 0 0 0])
  ("defvar" .
   [3 0 0 0 0 0])
  ("concat" .
   [9 0 1 13 2 0])
  ("x-meta-keysym" .
   [0 0 0 0 1 0 0 0 0 0 0 0 0])
  ("require" .
   [7 0 4 9 3 0 0])
  ("printf" .
   [7 0 0 0 0 1])
  ("for" .
   [16 0 0])
  ("load-file" .
   [2 0 2 3 6 3 0 1 0])
  ("global-set-key" .
   [2 0 3 5 3 1 1 0 0 0 0 0 0 0])
  ("smart-compile" .
   [0 0 0 0 0 0 0 0 1 0 0 0 0])
  ("setq" .
   [35 0 0 0])
  ("c-mode" .
   [0 0 2 1 0 0])
  ("c++-mode" .
   [0 0 0 1 0 0 0 0])
  ("x-hyper-keysym" .
   [0 0 0 0 1 0 0 0 0 0 0 0 0 0])
  ("super" .
   [0 0 1 1 0])
  ("x-super-keysym" .
   [0 0 0 0 1 0 0 0 0 0 0 0 0 0])
  ("hyper" .
   [0 0 1 0 0])
  ("PLUGINS_PATH" .
   [0 0 1 0 0 0 0 0 0 0 0 0])
  ("plugins-path" .
   [0 0 3 3 5 0 0 0 0 0 0 3])
  ("term" .
   [1 0 0 0])
  ("add-to-list" .
   [7 0 0 0 0 0 8 0 0 0 0])
  ("twittering" .
   [0 0 0 3 0 0 0 1 0 0])
  ("twittering-mode" .
   [0 0 0 0 0 0 0 0 0 0 0 1 0 0 0])
  ("setq-default" .
   [0 0 0 0 0 0 1 0 0 0 0 0])
  ("indent-tabs-mode" .
   [0 0 0 0 0 0 0 0 0 0 1 0 0 0 0 0])
  ("tabbar" .
   [1 0 0 0 0 0])
  ("int" .
   [41 0 0])
  ("vector" .
   [8 0 0 0 0 0])
  ("length" .
   [2 0 0 0 0 0])
  ("elt" .
   [3 0 0])
  ("aset" .
   [1 0 0 0])
  ("mapcar" .
   [2 0 0 0 0 0])
  ("1+" .
   [2 0])
  ("insert" .
   [2 0 0 0 0 0])
  ("format" .
   [1 0 0 0 0 0])
  ("vconcat" .
   [1 0 0 0 0 0 0])
  ("set" .
   [2 0 0])
  ("v" .
   [1])
  ("append" .
   [1 0 0 0 0 0])
  ("nil" .
   [9 0 0])
  ("source" .
   [1 0 0 0 0 0])
  ("script" .
   [1 0 1 0 0 0])
  ("include" .
   [2 0 0 0 0 0 0])
  ("main" .
   [1 0 0 0])
  ("if" .
   [22 0])
  ("s" .
   [1])
  ("math" .
   [1 0 0 0])
  ("100" .
   [10 0 0])
  ("10" .
   [2 0])
  ("return" .
   [6 0 0 0 0 0])
  ("1" .
   [1])
  ("break" .
   [5 0 0 0 0])
  ("len" .
   [1 0 0])
  ("argc" .
   [1 0 0 0])
  ("argv" .
   [3 0 0 0])
  ("window" .
   [1 0 0 1 0 0])
  ("sr-speedbar.el" .
   [0 0 1 1 0 0 0 0 0 0 0 0 0 0])
  ("random" .
   [1 0 0 0 0 0])
  ("google-maps" .
   [0 0 0 0 0 0 0 0 1 0 0])
  ("=" .
   [1])
  ("google-weather.el" .
   [0 0 0 0 0 0 0 0 0 1 0 0 0 0 0 0 0])
  ("org-agenda" .
   [0 0 0 0 0 0 1 0 0 0])
  ("org-agenda-files" .
   [0 0 0 0 0 0 0 0 0 0 0 0 1 0 0 0])
  ("php-mode" .
   [1 0 0 0 1 0 0 0])
  ("set-frame-size" .
   [0 0 0 0 0 0 0 0 0 0 0 0 1 0])
  ("topUp" .
   [1 0 0 0 0])
  ("left" .
   [2 1 0 0])
  ("url-proxy-services" .
   [0 0 0 0 0 0 0 0 0 0 1 0 0 0 0 0 0 0])
  ("yaSnippet" .
   [0 0 0 0 1 0 0 0 0])
  ("local-set-key" .
   [1 0 0 0 0 0 0 0 0 0 0 0 0])
  ("backward-char" .
   [1 0 0 0 0 0 0 0 0 0 0 0 0])
  ("jabber-autoloads" .
   [0 0 0 0 0 0 0 0 0 1 0 0 0 0 0 0])
  ("start" .
   [6 0 0 0 0])
  ("function" .
   [3 0 0 0 0 0 0 0])
  ("elif" .
   [1 0 0 0])
  ("message" .
   [4 0 0 0 0 0 0])
  ("current-message" .
   [0 0 0 0 0 0 0 0 0 0 1 0 1 0 0])
  ("ob-C" .
   [0 0 0 1])
  ("package" .
   [1 0 0 0 0 0 0])
  ("C-c" .
   [1 0 0])
  ("heading" .
   [1 0 0 0 0 0 0])
  ("org-insert-heading" .
   [0 0 0 0 0 0 0 0 0 0 0 1 0 0 0 0 0 0])
  ("substree" .
   [1 0 0 0 0 0 0 0])
  ("org-move-subtree-up" .
   [0 0 0 0 0 0 0 0 1 0 0 0 0 0 0 0 0 0 0])
  ("**" .
   [23 0])
  ("in" .
   [8 0])
  ("sh" .
   [10 0])
  ("-n" .
   [13 0])
  ("access-file" .
   [0 0 0 0 0 1 0 0 0 0 0])
  ("tab" .
   [1 0 0])
  ("point-to-register" .
   [0 0 0 0 0 0 0 0 2 0 0 0 0 0 0 0 0])
  ("jump-to-register" .
   [0 0 0 0 1 0 0 0 0 0 0 0 0 0 0 0])
  ("acos" .
   [1 0 0 0])
  ("-1" .
   [1 0])
  ("bt" .
   [1 0])
  ("list" .
   [3 0 0 0])
  ("number" .
   [4 0 0 0 0 0])
  ("disable" .
   [1 0 0 0 0 0 0])
  ("bp-number" .
   [0 0 0 0 1 1 0 0 0])
  ("var" .
   [1 0 0])
  ("info" .
   [1 0 0 0])
  ("learn" .
   [2 0 0 0 0])
  ("the" .
   [37 0 0])
  ("haskell" .
   [4 0 32 17 7 2 0])
  ("twice" .
   [1 0 0 0 0])
  ("50px" .
   [1 0 0 0])
  ("margin-top" .
   [0 0 0 0 0 0 0 1 0 0])
  ("10px" .
   [1 0 0 0])
  ("center" .
   [0 1 0 0 0 0])
  ("auto" .
   [5 0 0 0])
  ("0" .
   [3])
  ("1000px" .
   [1 0 0 0 0 0])
  ("50%" .
   [1 0 0])
  ("margin-left" .
   [0 0 0 0 0 0 0 0 1 0 0])
  ("-500px" .
   [1 0 0 0 0 0])
  ("marks" .
   [0 0 0 1 0])
  ("margin-right" .
   [0 0 0 0 0 0 0 0 0 1 0 0])
  ("600px" .
   [1 0 0 0 0])
  ("image" .
   [0 0 0 1 0])
  ("/lib64/libpng12.so.0" .
   [0 0 0 0 0 0 0 0 0 0 0 0 0 0 0 0 1 0 0 0])
  ("cke_contents" .
   [1 0 0 0 0 0 0 0 0 0 0 0])
  ("500px" .
   [1 0 0 0 0])
  ("important" .
   [0 0 0 1 0 0 0 0 0])
  ("ckeditor" .
   [1 0 0 0 0 0 0 0])
  ("height" .
   [1 0 0 0 0 0])
  ("switch-to-buffer" .
   [0 0 0 1 0 0 0 0 0 0 0 0 0 0 0 0])
  ("unified" .
   [0 0 0 0 1 0 0])
  ("process" .
   [1 0 0 2 0 0 0])
  ("迭代发展的优点" .
   [0 0 1 0 0 0 0])
  ("management" .
   [1 0 2 0 1 1 0 0 0 0])
  ("fib" .
   [1 0 0])
  ("positive" .
   [1 0 0 0 0 0 0 0])
  ("-->" .
   [4 0 0])
  ("become" .
   [2 0 0 0 0 0])
  ("master" .
   [6 0 0 0 0 0])
  ("follow" .
   [1 0 0 0 0 0])
  ("them" .
   [1 0 0 0])
  ("more" .
   [1 0 0 0])
  ("you" .
   [2 0 0])
  ("type" .
   [2 0 0 0])
  ("typeclasses" .
   [1 0 0 0 0 0 0 0 0 0 0])
  ("Bool" .
   [2 0 0 0])
  ("Char" .
   [1 0 0 0])
  ("Int" .
   [1 0 0])
  ("Integer" .
   [1 0 0 0 0 0 0])
  ("Float" .
   [2 0 0 0 0])
  ("Num" .
   [1 0 0])
  ("Double" .
   [1 0 0 0 0 0])
  ("/etc/ntpd.conf" .
   [0 0 0 0 0 0 0 1 0 0 0 0 0 0])
  ("map" .
   [4 0 0])
  ("first" .
   [5 0 0 0 0])
  ("rest" .
   [4 0 0 0])
  ("filter" .
   [5 0 0 0 0 0])
  ("predicate" .
   [1 0 1 0 0 1 0 0 0])
  ("otherwise" .
   [0 0 0 0 0 1 0 0 0])
  ("project" .
   [6 0 0 0 0 0 0])
  ("red" .
   [1 0 0])
  ("本文为" .
   [1 0 0])
  ("一书的读书笔记" .
   [0 0 0 1 0 0 0])
  ("stream" .
   [1 0 0 0 0 0])
  ("instruction" .
   [0 0 0 4 0 1 0 0 0 0 0])
  ("single" .
   [1 0 0 2 0 0])
  ("data" .
   [4 0 0 0])
  ("multiple" .
   [0 0 2 1 0 0 0 0])
  ("testing" .
   [0 0 4 2 1 0 0])
  ("non-common" .
   [0 0 1 2 0 0 0 0 0 0])
  ("operating" .
   [0 0 7 2 0 0 0 0 0])
  ("system" .
   [11 0 6 1 0 1])
  ("capabilities" .
   [0 0 2 3 1 0 0 0 0 0 1 0])
  ("achieve" .
   [0 0 0 0 1 0 0])
  ("better" .
   [1 0 0 0 0 0])
  ("performance" .
   [0 0 0 1 1 0 0 0 0 0 0])
  ("POSIX" .
   [6 0 0 0 0])
  ("select" .
   [1 0 0 0 0 0])
  ("pool" .
   [1 0 0 0])
  ("epoll" .
   [2 0 0 0 0])
  ("will" .
   [8 0 0 0])
  ("time" .
   [1 0 0 0])
  ("Sometimes" .
   [0 0 0 0 1 0 0 0 0])
  ("can" .
   [3 0 0])
  ("I/O" .
   [3 0 0])
  ("For" .
   [2 0 2])
  ("However" .
   [0 0 0 1 0 0 0])
  ("pros" .
   [1 0 0 0])
  ("example" .
   [0 0 0 0 1 0 0])
  ("semaphore" .
   [4 0 0 0 1 1 0 0 0])
  ("same" .
   [1 0 0 0])
  ("Unix" .
   [3 0 0 0])
  ("System" .
   [1 0 1 0 0 0])
  ("clumsy" .
   [1 0 0 0 0 0])
  ("are" .
   [2 0 0])
  ("need" .
   [2 0 0 0])
  ("But" .
   [2 0 0])
  ("It's" .
   [1 0 0 1])
  ("semaphores" .
   [4 0 0 0 0 0 0 0 0 0])
  ("mechanism" .
   [1 0 1 0 2 0 0 0 0])
  ("than" .
   [3 0 0 0])
  ("system-wide" .
   [1 0 0 0 0 0 0 0 0 0 0])
  ("close" .
   [1 0 0 0 0])
  ("Using" .
   [1 0 0 0 0])
  ("software" .
   [3 0 0 1 1 0 0 0])
  ("when" .
   [1 0 0 0])
  ("use" .
   [4 0 0])
  ("Linux" .
   [2 0 0 0 0])
  ("hand" .
   [1 0 0 0])
  ("windows" .
   [1 0 0 0 0 0 0])
  ("completion" .
   [0 0 0 0 1 0 0 0 0 0])
  ("ports" .
   [1 0 0 0 0])
  ("your" .
   [2 0 0 0])
  ("can't" .
   [2 0 0 0 0])
  ("run" .
   [3 0 0])
  ("other" .
   [3 0 0 0 0])
  ("not" .
   [7 0 0])
  ("rather" .
   [1 0 0 0 0 0])
  ("one" .
   [1 0 1])
  ("Partition" .
   [0 0 0 0 1 1 0 0 0])
  ("1-100" .
   [1 0 0 0 0])
  ("sda2" .
   [1 0 0 0])
  ("分区表" .
   [1 0 0])
  ("01" .
   [1 0])
  ("car" .
   [10 0 0])
  ("xml-get-children" .
   [7 0 0 0 0 0 0 0 0 0 0 0 0 0 0 0])
  ("loop" .
   [2 0 0 0])
  ("last" .
   [4 0 0 0])
  ("let" .
   [1 0 0])
  ("replace-regexp-in-string" .
   [2 0 0 0 0 0 0 0 0 0 0 0 0 0 0 0 0 0 0 0 0 0 0 0])
  ("replace-regexp" .
   [0 0 0 0 0 0 0 0 0 0 0 1 0 0])
  ("File" .
   [0 0 0 1])
  ("pos-tip-show-no-propertize" .
   [0 0 0 0 0 0 0 0 0 0 0 0 0 1 0 0 0 0 0 0 0 0 0 0 0 0])
  ("pos-tip-show" .
   [1 0 0 0 0 0 0 0 0 0 0 0])
  ("kernel" .
   [1 0 0 0 0 0])
  ("device" .
   [1 0 0 0 0 0])
  ("ido" .
   [1 0 0])
  ("ido-mode" .
   [0 0 0 0 1 0 0 0])))
